HK 25.6 1013.2 100.5 7.2 65.0 -15.123 -47.456 120.5
IN 0.15 -0.02 9.81 -25.3 12.7 -45.8 0.05 -0.12 0.08
HK 26.1 1012.8 101.2 7.1 66.5 -15.125 -47.458 118.7
IN 0.12 -0.05 9.79 -24.8 13.1 -46.2 0.07 -0.10 0.06
[SX1278] Iniciando transmissão
HK 25.8 1014.1 99.8 7.3 64.2 -15.120 -47.454 122.3
Tempo: 12:34:56
IN 0.18 -0.01 9.83 -25.7 12.4 -45.5 0.03 -0.15 0.09
HK 25.3 1013.5 100.1 7.0 67.1 -15.128 -47.460 119.8
IN 0.14 -0.03 9.80 -25.1 12.9 -46.0 0.06 -0.11 0.07
[SX1278] Dados enviados
HK 26.5 1011.9 102.3 7.4 63.8 -20.122 57.452 121.6
IN 0.16 -0.04 9.82 -24.5 13.3 -45.9 0.04 -0.13 0.05 